1 -1.37737 -5.79311 -0.000104368
2 0.741736 -4.33476 -0.00116535
3 2.56658 -4.59535 -0.00123147
4 2.93489 -4.23695 -0.00173251
5 4.80353 -1.96469 -0.00278675
6 6.17959 -1.94414 -0.00262385
7 5.11012 -1.34019 -0.0021705
8 4.56212 0.119184 -0.00201104
9 4.20445 0.00141409 -0.00099343
10 3.02634 0.117239 -0.00024216
11 4.00618 0.187631 0.000308131
12 5.5209 0.293064 0.000413491
13 6.57926 1.09062 -7.36399e-05
14 7.13843 2.01585 -0.000532376
15 6.89673 1.71893 -0.000546767
16 7.50957 2.74361 -0.000973197
17 7.27528 3.20985 -0.000912294
18 7.0458 2.66769 -0.000506743
19 7.55559 1.99792 -0.000142299
20 7.32835 2.64079 0.000268331
21 6.06149 4.35264 0.000319105
22 4.47113 4.65718 0.000630443
23 3.66498 2.53362 0.00175632
24 3.04486 0.556207 0.00277153
25 2.64506 -2.9225 0.00379553
26 1.71682 -4.78558 0.00417774
27 -0.18404 -5.56304 0.00433434
28 -1.52776 -7.98337 0.00454739
29 -1.45564 -8.61812 0.00424208
30 -0.858296 -9.07791 0.00403541
31 0.201348 -9.23045 0.00406728
32 0.228412 -9.78321 0.00424268
33 -2.15226 -9.86731 0.00444016
34 -4.06607 -9.6099 0.00441263
35 -4.77425 -10.8618 0.00448519
36 -4.2575 -8.61753 0.00373491
37 -1.92186 -5.62146 0.00305291
38 0.173763 -3.79795 0.00245015
39 0.425691 -1.74335 0.00140789
40 0.535754 -1.30172 0.000998223
41 -0.0154066 -2.91628 0.00125787
42 -1.1008 -2.89385 0.00113458
43 -2.79695 -3.62128 0.00127232
44 -2.22596 -4.9531 0.00118009
45 -0.261198 -5.96223 0.000712115
46 2.17483 -6.65328 0.000149895
47 2.23811 -5.38945 -0.000979002
48 0.704759 -4.53181 -0.00215403
49 -1.51004 -4.07683 -0.00297271
50 -2.87815 -3.08871 -0.00316943
51 -3.28442 -3.68825 -0.00288022
52 -4.14048 -1.80852 -0.00329752
53 -5.92539 1.55344 -0.0044657
54 -5.68356 5.68105 -0.00565249
55 -5.38598 7.46565 -0.00628764
56 -5.16868 9.07603 -0.00694299
57 -4.04935 10.9645 -0.00772913
58 -4.44931 11.657 -0.00789239
59 -4.40965 11.005 -0.00786389
60 -5.9775 9.56975 -0.00766317
61 -9.31467 9.14737 -0.00810285
62 -10.2367 8.05277 -0.00809772
63 -9.75091 6.77615 -0.00784584
64 -9.20154 6.76767 -0.00771357
65 -9.67059 6.92191 -0.00781885
66 -9.99954 6.65891 -0.00772291
67 -10.9699 5.81368 -0.00704465
68 -13.446 7.5537 -0.00692902
69 -15.4568 8.43181 -0.00755308
70 -14.43 9.39996 -0.00831143
71 -12.6064 10.6282 -0.00909966
72 -10.8882 10.7537 -0.00912399
73 -9.16098 9.40074 -0.00813603
74 -8.16167 8.95207 -0.00686157
75 -6.02662 6.34412 -0.00507516
76 -4.68318 4.49358 -0.00411174
77 -3.41904 4.14041 -0.00455998
78 -1.94589 4.82164 -0.00529144
79 -0.698411 3.87487 -0.00486935
80 0.192668 2.15811 -0.0038259
81 0.665943 0.586304 -0.00284207
82 0.946913 -0.389712 -0.0019093
83 1.12123 -0.869593 -0.000598613
84 1.27774 -0.872921 0.000505125
85 0.816429 -0.968342 0.00174273
86 0.796109 -2.54768 0.00291352
87 0.285053 -2.67748 0.00289177
88 0.155259 -2.76899 0.00295131
89 -0.19967 -2.63912 0.00280165
90 -0.322017 -2.54065 0.00259082
91 1.34187 -3.20434 0.00321766
92 2.5228 -4.77993 0.00454816
93 2.45842 -6.10958 0.00573666
94 1.69074 -6.13737 0.00624512
95 1.47049 -6.3807 0.00663713
96 1.95641 -5.71911 0.00640637
97 3.38019 -5.89305 0.00679766
98 7.16686 -7.39282 0.0079571
99 9.28329 -9.87637 0.0089922
100 10.5742 -8.75264 0.00837799
101 11.2892 -7.72962 0.00744124
102 11.8017 -6.68222 0.00663882
103 13.3584 -5.99528 0.00617639
104 12.0799 -5.51462 0.00673115
105 10.0124 -6.91912 0.00754819
106 8.33439 -8.05833 0.00762176
107 7.21418 -6.09089 0.00596836
108 8.90787 -5.13489 0.00459426
109 8.19412 -4.92953 0.00334311
110 5.37508 -4.92447 0.00224084
111 4.59252 -6.32297 0.00153378
112 5.30538 -4.90205 0.000459579
113 5.39141 -3.55343 0.000374571
114 3.20004 -1.82828 7.15604e-05
115 -0.0200613 1.49133 -0.00119854
116 -0.942217 4.57225 -0.00217891
117 0.303655 4.79793 -0.00238463
118 -0.167281 5.02761 -0.00222181
119 -1.28542 5.89486 -0.00220453
120 -2.46042 6.01312 -0.0016426
121 -4.33191 5.00475 -0.00102381
122 -5.7594 4.1189 -0.000378264
123 -6.85511 1.95075 0.000928184
124 -7.84757 0.202501 0.00207681
125 -8.93363 -1.56685 0.00327594
126 -11.5611 -2.50558 0.00362798
127 -12.2392 -2.7093 0.00321538
128 -9.38194 -4.63979 0.00312383
129 -4.41567 -5.34438 0.00272626
130 -2.95442 -4.17702 0.00242928
131 -2.69064 -5.15902 0.00239768
132 -0.892946 -4.38438 0.00211384
133 0.503419 -3.82254 0.00244795
134 1.73441 -2.47186 0.00261174
135 1.07818 -2.1161 0.00282872
136 -0.575356 -0.868957 0.0023397
137 1.3645 0.156336 0.00164428
138 3.65896 -0.108633 0.00157111
139 4.63077 0.275599 0.00157625
140 5.08424 -0.368486 0.00213013
141 3.91463 -1.45965 0.00280675
142 3.32477 -1.82357 0.00293121
143 2.44757 -2.12243 0.0026931
144 1.43457 -1.92983 0.00232494
145 0.960607 -0.876931 0.00149534
146 2.65226 -0.359085 0.000880951
147 5.56802 0.129122 0.000638085
148 4.82599 -0.228287 0.000594691
149 3.51021 -0.236776 0.000473548
150 6.08597 0.0704877 0.000479151
151 7.92099 -1.63294 0.000979459
152 7.65293 -1.12519 0.00068175
153 5.42379 -1.45365 0.000808165
154 3.23974 -1.61023 0.00101058
155 1.63099 0.116264 0.000715754
156 -1.0481 2.68345 0.000122129
157 -5.22758 1.89608 0.000795411
158 -7.76214 0.644704 0.00120001
159 -5.02653 0.347706 0.00132656
160 -2.34764 0.788654 0.00115472
161 -1.66107 2.24327 0.000394297
162 -0.163658 1.79081 0.000458267
163 2.36057 -0.00884406 0.000932389
164 4.18959 -1.01986 0.00102397
165 3.80655 -0.881893 0.000955903
166 2.67665 0.128701 0.00055602
167 0.301057 1.711 8.23108e-05
168 -3.07916 2.81572 -8.94301e-05
169 -4.42481 2.74158 -9.3813e-05
170 -2.09177 2.68797 -0.000480345
171 1.75588 4.85656 -0.00119338
172 5.39545 6.43051 -0.0015312
173 7.64666 7.07617 -0.00175534
174 7.15632 9.09642 -0.00232669
175 5.99453 8.84604 -0.00264739
176 7.53074 8.26217 -0.00291974
177 8.67324 8.28256 -0.00291614
178 6.80431 5.93308 -0.00282799
179 4.45198 5.01752 -0.00313772
180 3.74302 4.75506 -0.00335397
181 5.80654 2.45503 -0.00290266
182 7.02703 3.28778 -0.00315308
183 7.3269 3.9832 -0.00329002
184 7.92333 3.9964 -0.00282862
185 6.04785 1.90669 -0.00212264
186 2.82148 2.75214 -0.00208599
187 0.941433 2.4924 -0.00165199
188 -0.0376986 2.34258 -0.000999879
189 -0.409409 1.27006 -0.00026293
190 -2.56637 1.78972 -0.000114744
191 -3.54141 2.6652 -0.000269391
192 -4.60978 3.52593 -0.000474917
193 -6.673 4.05764 -0.000391717
194 -6.92557 2.58693 3.0656e-05
195 -6.11269 2.35941 -0.000412421
196 -5.35846 1.16186 -0.000465802
197 -5.43686 -0.553217 6.05876e-05
198 -6.00672 -0.856016 0.000266229
199 -7.90283 -1.82904 0.000298475
200 -10.9585 -2.67157 0.000282028
201 -12.6638 -2.09547 1.93513e-05
202 -13.0504 -1.98096 0.000169399
203 -11.6482 -1.7183 0.000124102
204 -9.6721 -2.38283 0.000184971
205 -8.05403 -3.42147 -0.000179905
206 -6.76937 -2.1581 -0.00072936
207 -4.67036 -2.2874 -0.00055532
208 -2.4958 -3.5534 -9.42356e-05
209 -2.64369 -3.17677 -0.000268437
210 -1.62562 -4.55598 -0.000209045
211 -0.766379 -5.88557 -3.08617e-05
212 -1.13826 -4.82857 -0.000448901
213 -1.68466 -4.4697 -0.000602378
214 -1.4752 -3.52755 -0.000969235
215 0.119373 -2.80852 -0.00155447
216 0.969429 -0.285007 -0.0023259
217 0.58813 0.498183 -0.00231061
218 -1.16928 0.271586 -0.00219196
219 -1.43931 0.437845 -0.00199621
220 -1.13736 1.5241 -0.00172113
221 -0.725262 1.93579 -0.001389
222 -2.9273 2.52724 -0.0017492
223 -3.98086 3.18738 -0.00194943
224 -3.12947 1.57465 -0.00130407
225 -2.51769 0.0798249 -0.000354264
226 -3.18929 -1.96855 0.00104493
227 -3.74111 -2.61468 0.00168079
228 -2.68338 -0.376268 0.00163083
229 -0.960843 -0.13864 0.00177269
230 0.102183 0.387255 0.00132256
231 0.191092 1.56671 0.00071525
232 -0.370592 0.561811 0.00113929
233 -2.2124 -0.151743 0.00159986
234 -2.81843 -2.46824 0.00230307
235 -2.24951 -2.15797 0.0018326
236 -3.17449 0.810319 0.000830531
237 -6.04772 2.97059 -0.000279648
238 -5.6309 3.64621 -0.000761333
239 -1.9367 1.73387 0.000114626
240 2.57428 -0.225682 0.00103812
241 7.63033 -0.424961 0.00114035
242 8.12021 0.170575 0.000997666
243 6.17203 -0.150846 0.00131284
244 6.73247 -0.588729 0.00158953
245 9.55209 -2.89431 0.00256467
246 10.8795 -3.57477 0.0030131
247 10.4912 -3.78027 0.00294998
248 11.128 -4.75344 0.00285533
249 12.6713 -3.91092 0.00234563
250 13.0085 -2.1373 0.00155629
251 12.4559 -1.28079 0.000976651
252 11.3038 0.354652 0.000331426
253 10.0611 1.08741 0.000396981
254 7.95438 2.0851 0.000606555
255 3.81604 3.58906 0.000461495
256 -0.266456 4.11823 0.000730756
257 -1.06277 4.2334 0.00111597
258 -1.8348 5.44521 0.00107492
259 -2.97789 6.08368 0.00147185
260 -6.16697 6.14055 0.00210194
261 -10.6058 5.97289 0.00220072
262 -10.8829 4.6147 0.00210763
263 -9.86633 1.34213 0.00246319
264 -11.4203 0.579389 0.00313629
265 -11.367 -0.442335 0.00304546
266 -10.3088 -2.04825 0.00290512
267 -6.28659 -4.89276 0.00260356
268 -3.71249 -4.82519 0.00186569
269 -6.53698 -6.09105 0.0013988
270 -10.6975 -7.06234 0.000840408
271 -14.593 -1.48398 -0.00240619
272 -15.1787 4.49053 -0.0049948
273 -15.6074 2.48876 -0.00440549
274 -14.9614 -0.711592 -0.00346572
275 -13.5359 2.71432 -0.00463686
276 -11.9324 8.14966 -0.0063664
277 -8.71197 9.72204 -0.00700956
278 -2.87011 9.1499 -0.00639916
279 0.922008 4.34947 -0.00577098
280 3.01761 -1.80966 -0.00380056
281 4.49447 -6.33339 -0.00277024
282 5.76844 -6.85039 -0.00280871
283 7.42488 -7.53143 -0.00199675
284 9.11917 -7.91059 -0.00052793
285 8.70311 -4.73937 0.000206557
286 4.43678 -3.85713 0.000164416
287 0.240074 -3.48612 -0.000714056
288 -2.06659 -2.21655 -0.00149629
289 -2.12229 -0.613068 -0.00171819
290 -2.52898 1.5351 -0.00248901
291 -3.0596 5.00243 -0.0031208
292 -3.56207 6.53678 -0.00283141
293 -1.81007 8.45382 -0.00288524
294 -1.29966 9.92649 -0.00313238
295 -1.18889 12.8747 -0.00429853
296 2.78291 9.60157 -0.00374406
297 3.64591 7.67907 -0.00342742
298 5.00051 6.71692 -0.00281265
299 6.4076 4.36839 -0.00194269
300 7.51406 1.92144 -0.00116521
301 7.87765 -0.887553 -0.000130507
302 5.99913 -4.53424 0.000771673
303 4.96378 -6.23982 0.0012877
304 2.45909 -7.41702 0.0023936
305 1.06876 -8.39699 0.00338744
306 -0.452048 -7.53671 0.00351178
307 -4.0702 -6.12848 0.00287127
308 -6.16364 -0.756108 0.00157698
309 -5.93513 -0.345139 0.00124589
310 -3.99409 -0.268494 0.00100348
311 -1.2336 0.761063 0.000742577
312 1.13764 -0.724977 0.000822888
313 1.81787 -3.02593 0.00108364
314 1.31783 -3.72701 0.000849128
315 1.61773 -5.23708 0.000572543
316 2.88703 -5.04992 0.000381728
317 4.15891 -5.33038 0.000524032
318 5.43241 -5.51241 0.00108953
319 6.11515 -5.4675 0.00114874
320 6.19686 -5.9543 0.00126405
321 6.31562 -6.12217 0.00180028
322 4.01927 -5.67719 0.00249917
323 2.27445 -5.70128 0.00308837
324 2.78867 -5.29468 0.00331328
325 3.70522 -3.63026 0.00310741
326 4.85823 -2.06338 0.00259129
327 5.79615 -1.52695 0.00233534
328 5.62696 -1.57804 0.00196729
329 6.62897 -0.857606 0.00167755
330 7.56547 -0.433353 0.00208352
331 6.48363 -1.00475 0.00254606
332 4.97412 -0.138187 0.00280413
333 3.68896 0.258338 0.00287212
334 3.55672 -0.0213995 0.00241267
335 4.38855 0.68308 0.00207541
336 3.93676 1.2739 0.00182866
337 1.35274 1.72746 0.0019425
338 -0.91744 1.99254 0.00194499
339 -0.1462 2.50372 0.00153737
340 1.07954 3.8794 0.00103229
341 -0.192884 4.28154 0.000882996
342 -2.54861 2.98302 0.000157098
343 -1.98865 2.06262 -0.00104469
344 1.49526 1.74156 -0.00130743
345 3.99203 0.695181 -0.000685171
346 2.38253 1.24935 -0.000773999
347 -0.708675 3.1213 -0.00105833
348 -3.61496 3.97136 -0.00111924
349 -3.43675 3.26952 -0.00126408
350 -1.96664 3.6959 -0.00190365
351 0.322529 4.48764 -0.00283024
352 -0.313094 4.78396 -0.00370237
353 -3.91106 4.65142 -0.00436776
354 -6.7569 4.01176 -0.00462934
355 -7.01819 3.9443 -0.0047389
356 -5.31738 3.432 -0.00425991
357 -6.60719 1.5081 -0.00322835
358 -9.70565 -0.244839 -0.00300233
359 -10.024 -1.28106 -0.00300233
