1 -1.81958 -1.32208 0.000997989
2 -1.47492 0.36804 1.09186e-05
3 -0.00717679 -0.231696 0.00044929
4 -1.53149 -2.22746 0.00102875
5 -1.11104 -0.0721823 -0.000166258
6 1.27502 -0.712168 -0.000438363
7 0.746416 -1.62616 -0.000115475
8 0.551571 -0.0621456 -0.000962602
9 1.38373 -0.256446 -0.00070277
10 -0.75077 -0.213899 -0.000499026
11 -1.24961 -0.23325 -5.86272e-05
12 -0.813332 -0.895357 0.00053394
13 -0.365339 -1.0018 0.000513597
14 0.376791 0.233599 7.86719e-05
15 -0.481923 -1.11815 0.000511915
16 0.394503 -0.579135 4.52052e-05
17 0.430952 0.419875 -0.000287958
18 -0.287348 0.528542 -0.000249136
19 0.449363 -0.769198 -0.000307658
20 1.49668 -1.87246 5.39354e-05
21 1.84474 -0.52651 -0.000190733
22 1.04519 1.82877 -0.000990173
23 0.843286 1.65677 -0.000875698
24 0.609091 3.13639 -0.000880568
25 1.10757 1.49522 -0.000232898
26 2.07799 0.405757 -1.27138e-05
27 1.51104 2.06806 -7.78158e-05
28 0.112642 0.314341 0.000429013
29 -0.366771 0.153266 0.000329575
30 -0.825303 -0.129443 8.2527e-05
31 0.308949 0.143016 -5.38572e-05
32 2.72675 -0.334595 -8.32093e-05
33 2.26207 -0.678273 0.000131142
34 1.08082 0.869175 7.15826e-06
35 -0.116758 -2.61322 0.000815479
36 -1.92302 -3.38191 0.0007458
37 -1.66989 -2.19672 0.000671717
38 0.139899 -2.4423 0.00113246
39 0.22063 -0.845465 0.000517446
40 0.856499 1.21191 -0.000150192
41 1.37307 -0.399538 0.000210372
42 1.97148 0.371971 -8.77962e-05
43 -0.333187 1.03526 9.67572e-05
44 -1.76289 0.73813 0.000447909
45 -2.2553 0.443347 0.000533589
46 0.0781329 -1.51379 0.00110394
47 1.6386 -1.09943 0.0011403
48 2.30121 -0.677072 0.000763442
49 1.43007 -1.17217 0.000123243
50 0.429417 0.461978 -0.000386148
51 0.836498 -2.00057 0.000294489
52 1.73689 -3.51231 0.00103601
53 -0.304624 -4.30347 0.00104131
54 -0.378877 -1.98557 0.000477426
55 -0.316849 -1.83287 0.000494097
56 -1.25915 -2.11528 0.000616391
57 0.233115 -0.954727 -1.05903e-05
58 -0.214366 0.383447 -0.00021383
59 1.36331 1.17577 -0.000409866
60 3.11827 0.191672 0.000198982
61 0.691054 0.884294 -0.000272985
62 -0.756614 1.07362 -0.000535433
63 -0.860625 -0.177812 -0.000433149
64 0.125286 -0.364081 -0.00020043
65 -0.0439663 0.100581 -0.000429584
66 0.557262 0.765097 -0.00105101
67 2.04524 -1.74137 -0.000524157
68 1.54638 -0.855407 0.00019922
69 -1.51648 -0.945893 0.000332568
70 -2.34546 -1.24081 0.000370315
71 -2.29746 -0.141375 -0.000396809
72 -2.32665 1.32424 -0.00142366
73 -1.56706 0.425862 -0.00173123
74 -2.65406 2.59075 -0.00225719
75 -1.81489 1.7927 -0.00142125
76 -1.7721 0.303318 -1.05773e-05
77 -2.0034 -0.717771 0.000269186
78 -1.77566 0.919554 -0.000883803
79 -1.4359 1.72956 -0.00150019
80 -1.04239 1.55126 -0.00142073
81 -0.870321 0.963374 -0.00137659
82 -0.761049 0.493339 -0.00176929
83 -0.690783 0.0294457 -0.00156069
84 -0.0576211 0.099457 -0.00168786
85 -0.519648 1.60556 -0.00162714
86 -0.00591635 0.182647 -0.0004485
87 -0.37872 0.141382 -0.000530879
88 -0.137292 -0.0922227 -0.000328377
89 -0.367412 -0.0679755 -0.000271157
90 -2.18622 0.700708 -0.00112267
91 -1.70084 1.62838 -0.0018428
92 -0.430739 1.38765 -0.00170992
93 0.301323 0.110968 -0.00104103
94 -0.206898 0.341401 -0.000925686
95 -0.901877 -0.568144 -0.00028752
96 -1.8959 0.279733 -0.000888773
97 -4.37389 1.63797 -0.00163924
98 -2.75274 2.60872 -0.00151048
99 -1.90653 -0.974623 0.000136653
100 -1.32164 -0.873281 0.000460371
101 -1.10452 -0.911236 0.000329719
102 -2.13064 -0.601296 1.33655e-05
103 0.740833 -0.415194 -0.000975512
104 1.60071 1.39891 -0.00118898
105 1.21022 1.0795 -0.000407295
106 0.64597 -2.03544 0.00132436
107 -2.14952 -1.02614 0.00104379
108 0.279493 -0.288228 0.000929524
109 2.42639 -0.107385 0.000797453
110 0.41534 1.26792 0.000426702
111 -1.05247 -1.57135 0.000823758
112 -0.397724 -1.51867 -0.000126828
113 1.89646 -1.92024 0.000133743
114 2.89572 -3.53124 0.00114177
115 0.556788 -3.33254 0.000885872
116 -1.60003 -0.479717 0.000122673
117 0.143546 -0.490794 -0.000231678
118 0.749067 -1.13608 -7.72564e-05
119 0.779509 -0.362656 -0.000621777
120 1.51354 0.739209 -0.000651202
121 1.13093 0.589907 -0.00064542
122 0.839316 1.84676 -0.00127704
123 0.755448 1.39086 -0.00109242
124 0.89415 1.35835 -0.00111312
125 2.51675 0.544098 -0.000267714
126 0.638761 -0.180952 0.000509274
127 -2.86909 1.51766 0.000217308
128 -4.97549 0.235813 0.000555135
129 -1.44872 -1.65034 0.000469037
130 -0.251293 0.514604 0.000199233
131 -1.80517 -1.20306 0.000442416
132 -1.39541 -0.968764 -0.000172987
133 -1.23277 -1.75742 1.87557e-05
134 0.64947 -0.80542 -4.41633e-06
135 1.66926 -1.74332 0.000719727
136 -1.87485 -1.50877 0.000910855
137 -2.16664 -0.202545 0.000275164
138 -0.880722 -0.848375 0.00019172
139 -0.459307 0.14379 -0.00035454
140 1.10276 0.541951 -0.00047488
141 0.508106 -0.172122 7.11578e-05
142 0.814096 -0.246892 0.000448827
143 0.941537 -0.704148 0.000585458
144 0.333536 -1.49805 0.00103591
145 -1.85601 -0.909149 0.00080914
146 -3.01946 -0.833648 0.000437154
147 0.677654 0.0349985 0.000249435
148 1.25435 -0.290479 0.000334763
149 -2.6796 -0.562695 0.000213753
150 -1.97937 1.42227 -0.000263348
151 0.103915 -0.810121 0.000550365
152 2.04411 -0.00466601 0.000142606
153 2.01934 -0.165406 7.59679e-05
154 1.48359 -2.0843 0.00059364
155 2.54409 -2.92936 0.000892551
156 4.04998 0.430673 -0.000390568
157 2.45867 0.887198 -0.000134808
158 -2.69363 -0.0796075 0.000134235
159 -2.59556 -0.804524 0.000429812
160 -0.579485 -1.84058 0.00102085
161 -1.32446 0.0777343 0.000190086
162 -2.32163 1.46537 -0.00022221
163 -1.61695 0.710394 0.000168761
164 0.574432 -0.404127 0.000330501
165 1.29651 -1.21857 0.000642849
166 2.58206 -1.75882 0.000699191
167 3.65228 -1.26035 0.000393063
168 1.68168 -0.052465 0.000223708
169 -1.96108 -0.0825751 0.000616481
170 -3.48564 -2.31267 0.000948528
171 -3.30648 -1.71578 0.000572803
172 -1.96184 -0.76835 0.000450587
173 0.739574 -2.11096 0.000794129
174 1.38735 0.166231 0.000535601
175 -1.31169 0.519312 0.000471343
176 -0.902767 -0.0480318 0.000180605
177 2.09941 2.31787 9.44125e-05
178 2.54337 0.914054 0.000485324
179 0.928006 0.293917 0.000385043
180 -1.80701 2.29309 -0.000271893
181 -0.957972 -0.829749 0.000422664
182 -0.0761862 -0.704647 0.000312036
183 -0.434833 -0.0287555 -0.000278737
184 1.99515 2.06996 -0.000521152
185 3.30613 -0.826836 0.000132652
186 1.917 0.277966 -0.000260589
187 0.974689 0.152998 -0.000479661
188 0.400405 1.0614 -0.000571001
189 2.21529 -0.522287 5.58722e-06
190 1.07266 -0.855483 0.000297801
191 1.19854 -0.850768 0.000348994
192 2.21195 -0.518043 5.36092e-05
193 0.413405 1.49834 -0.000303818
194 -0.654522 0.296092 0.000533249
195 -0.612065 1.29663 0.000122729
196 0.15699 1.80599 -0.000467583
197 0.556737 0.409854 -0.000155644
198 1.8347 1.0715 2.14069e-05
199 3.02119 0.922691 6.98667e-05
200 1.73294 -0.441062 0.000293488
201 0.494936 0.0610408 -0.000136436
202 -1.2549 -0.0358569 3.98149e-05
203 -1.85352 0.921623 -7.18638e-05
204 -1.50722 1.24619 0.000361274
205 -1.10968 -1.09797 0.000556331
206 -1.91936 0.286166 -0.000161958
207 -2.09221 1.41831 -0.000464513
208 0.113525 -0.206944 0.00014898
209 -1.15128 1.54563 -9.05423e-05
210 -0.971649 1.44779 -0.000200739
211 0.305927 -0.919809 0.000384901
212 0.470967 -0.203506 0.000112431
213 -0.325523 -0.750352 0.000316458
214 -1.76728 -0.551603 0.000538078
215 -1.07438 -2.34045 0.00072504
216 0.109863 -0.588805 -5.40653e-05
217 1.43886 0.406262 -0.000139908
218 -0.0667227 -0.0299736 -0.000193608
219 -0.672262 -0.952095 -0.000262345
220 -0.788419 -0.286607 -0.000312823
221 1.81842 -0.460417 0.000373112
222 0.660522 -0.534206 0.000209203
223 -1.1898 1.69162 -0.000628395
224 -0.878075 1.56176 -0.000944738
225 0.423234 2.0933 -0.00140084
226 0.308615 0.642959 -0.000627506
227 -1.2958 -2.25781 5.62653e-05
228 -1.94254 -0.27528 -0.000144304
229 -1.26388 -0.575701 0.000446626
230 -0.318429 -1.20028 0.000602319
231 0.301849 1.03564 -0.000430623
232 1.62217 0.754917 -0.000476358
233 0.409028 2.358 -0.000714108
234 -0.765994 -0.263071 0.000457802
235 0.67153 -2.85585 0.000986598
236 2.60005 -2.05223 0.00111046
237 -0.617835 -0.56859 0.000498233
238 -3.83632 2.04044 -0.000851789
239 -4.57613 1.97359 -0.000844004
240 -5.10117 0.0950424 2.33612e-05
241 -0.538475 -0.648238 0.00025239
242 1.87617 0.328335 -0.000222883
243 -0.654531 0.403974 -0.000170416
244 -2.91383 2.19416 -0.000849148
245 -1.45921 0.582745 -0.000323343
246 0.156791 0.127593 0.000179525
247 -0.956523 0.968213 0.000203337
248 -1.89909 -0.744956 0.000589386
249 -0.709908 -1.5847 0.000856342
250 0.167765 -0.651844 0.00065202
251 0.706181 -1.40921 0.000697873
252 0.753428 -0.488087 -4.06074e-05
253 1.6376 -0.828977 -0.000186561
254 3.74597 -1.37139 0.000184061
255 3.74388 -0.433046 -0.000193174
256 0.48199 -0.0461586 -0.000286361
257 0.471048 -1.12757 0.000142313
258 0.870935 -0.580377 -0.000280988
259 2.93608 -0.0417773 -0.000511624
260 4.18946 0.181326 4.33163e-06
261 -0.0155597 1.32655 0.000203419
262 -1.35432 3.20694 -0.000233912
263 1.19728 0.611993 -0.000521098
264 -0.472797 0.930277 0.000225757
265 -1.51172 1.59339 0.00025342
266 -4.54888 2.88181 0.000385714
267 -3.12289 0.0174913 0.000798707
268 2.31059 1.35738 0.000527748
269 3.7052 1.07752 0.000613978
270 3.54451 -5.4115 0.00328413
271 0.250413 -5.76719 0.00261096
272 0.093472 2.22372 -0.000583678
273 -0.957212 3.43312 -0.000950112
274 -1.67252 -3.24057 0.00116972
275 -1.77424 -5.27966 0.00174077
276 -3.36499 -1.50422 0.000669807
277 -5.97947 0.618667 -0.000584247
278 -3.93443 4.85711 -0.000609699
279 -2.27446 6.2232 -0.00196324
280 -1.70002 4.62118 -0.00103635
281 -1.52297 0.673439 1.58293e-05
282 -1.91283 0.855223 -0.000830766
283 -1.98528 0.590544 -0.00148049
284 0.039845 -2.94195 -0.000746421
285 3.8047 -0.643004 3.04517e-05
286 3.7026 -0.129377 0.000861461
287 1.78972 -1.01132 0.000761301
288 -0.481324 -1.32864 0.000203114
289 -0.184642 -1.87006 0.000751159
290 -0.0949741 -3.19933 0.000600428
291 -0.0960781 -1.28696 -0.000333833
292 -2.33818 -1.72783 9.4454e-06
293 -1.13287 -1.31884 0.000214178
294 -0.744371 -2.83386 0.00113735
295 -4.59474 3.35406 -0.00058376
296 -1.40667 1.95837 -0.000346562
297 -1.86114 0.987012 -0.000653143
298 -1.96683 2.34488 -0.000924556
299 -1.70887 2.43492 -0.000850363
300 -0.999382 2.87031 -0.001166
301 1.25956 3.79433 -0.00107757
302 0.416326 1.81922 -0.000674127
303 1.88677 1.22048 -0.00124236
304 0.805938 1.06428 -0.00114477
305 1.00551 -0.698988 -0.000305144
306 3.19226 -1.22718 0.000448885
307 1.75001 -5.21032 0.00111908
308 -0.529867 -0.351544 0.000174284
309 -2.18568 -0.125922 0.000120297
310 -2.93928 -1.13387 0.000167811
311 -2.53459 1.38442 -0.00015372
312 -0.869822 2.18896 -0.000316052
313 0.301738 0.594327 0.000193384
314 -0.472271 1.44025 0.000249191
315 -1.4526 -0.279515 0.000167696
316 -1.46685 0.173742 -0.00017819
317 -1.4989 0.100788 -0.000611081
318 -0.92229 -0.114301 -9.7134e-05
319 -0.353433 0.431958 -0.00014961
320 -0.37696 0.157488 -0.000564962
321 2.0996 -0.43541 -0.000709823
322 1.63429 0.0691232 -0.00059439
323 -0.600122 -0.341654 -0.000230185
324 -1.01571 -1.54689 0.000175576
325 -1.15269 -1.47498 0.000479942
326 -0.860704 -0.450293 0.000223132
327 0.285844 0.135837 0.00034726
328 -0.858062 -0.654358 0.000283502
329 -0.933548 -0.381874 -0.000462433
330 1.10185 0.566559 -0.000501143
331 1.50848 -0.93698 -0.000279432
332 1.27679 -0.501333 -7.82778e-05
333 0.0898757 0.149392 0.00047098
334 -0.890382 -0.858915 0.00037003
335 0.372452 -0.738027 0.000286382
336 2.44145 -0.583176 -8.11895e-05
337 2.08848 -0.299482 9.90322e-06
338 -0.949682 -0.540032 0.000417082
339 -1.3676 -1.40317 0.000512511
340 1.18475 -0.407611 0.000153605
341 2.31721 1.26398 0.000733591
342 -0.581616 0.837811 0.00121653
343 -3.51306 0.221962 0.000273923
344 -2.51672 0.910872 -0.000616118
345 1.62166 -0.689488 9.14369e-05
346 3.13803 -2.01759 0.000291204
347 2.99103 -1.00505 8.2663e-05
348 -0.0668258 0.542086 0.000170023
349 -1.34433 -0.604926 0.000669748
350 -2.14727 -0.983471 0.000972805
351 0.729738 -0.48669 0.000939462
352 3.653 -0.069991 0.000752418
353 2.92061 0.435372 0.000359844
354 0.36934 -0.1043 0.000208416
355 -1.55249 0.373802 -0.000388431
356 1.47319 1.79067 -0.000942282
357 3.28438 1.60713 -0.000142007
358 0.543964 0.90211 8.02846e-05
359 -0.301891 1.20555 -3.65933e-05
